stl
8923
13674
1603
26204
6481
23459
2010
27070
7677
15785
3538
21386
12199
1652
761
11170
15875
20230
7088
9964
22737
31059
9668
30982
23263
28254
15110
707
17260
27843
26531
4470
21294
32209
11668
19792
14304
25330
32023
22608
25203
29843
20137
15994
20465
26146
7832
5381
6057
21929
16136
15961
22592
11810
12969
22948
6549
5800
28132
1078
4056
10927
9008
831
11232
6944
24220
22297
16895
19337
5530
8165
2114
589
28297
28837
24611
5700
21758
24277
19929
21188
13223
11969
1749
30919
21948
4127
24417
17935
6021
6115
7197
18321
26004
27602
10571
32161
16518
404
30800
14082
25199
17349
13139
32452
29518
29726
27563
5935
2970
7458
3052
20021
32323
17051
11375
8172
16392
19032
18926
14855
14327
12482
2043
20844
431
2921
9226
2456
16923
31517
3727
12846
20977
665
3957
21676
29245
1073
6026
24307
6648
19894
23700
26905
32558
9698
31860
13765
7057
23659
29616
13746
21034
11758
17653
14506
5760
8403
384
23543
12956
2007
20151
15448
5313
10315
18964
23423
2871
20951
29557
2756
15290
19468
7741
15052
6640
30301
24478
6728
2011
14756
8735
13456
29444
9529
20141
15517
17212
749
32127
5089
13373
2903
30488
14327
12693
10418
16361
15801
18238
15891
25974
7278
746
11992
466
3927
29648
18796
21641
27386
12736
17023
9597
7013
6490
30710
17985
24341
22652
20797
3512
12802
2932
32233
20105
30503
11719
19727
7801
10241
30081
17614
11215
2264
12264
8318
7239
5702
16862
13081
18029
6606
2611
2248
29796
20967
9256
15878
4405
7801
10765
16979
15847
29682
32106
16021
10451
15161
9741
5160
16727
6502
1076
22149
7774
18255
4159
71
13741
20522
24394
23541
6831
14252
25513
31731
9215
20364
30585
4209
1068
30109
4176
31305
24744
16107
13273
23499
22954
14447
2611
3674
12810
18385
27389
6658
25115
27957
16227
2800
10184
18378
14885
15965
18824
24997
31459
13736
10488
12218
24331
10336
12462
28056
9315
17572
21963
1410
6153
2976
17346
23890
11859
15383
7582
31878
7992
7587
14133
2548
25421
24203
23504
6751
26767
26605
29711
31508
30672
21373
9004
1262
16456
15296
17151
23781
14476
19944
5813
21860
8273
8620
7414
28261
3350
4456
10630
13188
10097
27277
16349
9449
16343
12719
13404
31729
31818
28847
1520
16708
15381
31505
12722
6983
24374
18148
10560
7284
25950
23720
2207
90
8931
26467
7267
4725
14401
7648
29997
23327
16766
13573
20050
29941
4002
14596
4909
27701
2110
11096
8985
20435
11720
5792
23447
6206
29177
9818
19992
25903
26370
12629
12902
21269
28045
11122
11572
5137
20099
30265
7393
25172
27597
18583
9455
24178
30557
25682
16331
11389
17000
13163
8200
28602
10168
12880
2196
12177
29924
16029
7907
12698
25303
9920
32755
6318
14096
32275
29369
17382
8080
13919
5007
5422
5424
3080
26752
17780
19127
11776
4736
6176
31013
30047
11118
11182
8641
5755
18639
28933
26411
8876
17360
9132
31911
19250
16209
18374
1094
11473
16115
18438
30505
5985
17250
20235
14993
1427
29531
16496
29962
23776
31810
23230
30522
29346
25679
5079
582
20344
18520
9395
24494
4882
30909
16982
8871
5411
6170
28528
3909
4457
26026
28802
26439
16946
19062
27729
22320
32598
30503
14818
12050
15860
18286
30894
28779
30260
27134
11489
31201
7440
27534
18407
7790
22529
5181
19370
3568
28536
16225
589
26856
16585
16173
3328
32091
31827
5583
24511
2571
14959
12720
9966
26659
26087
7776
3361
21399
29986
1320
27489
3438
16152
22443
32700
6553
4773
173
24617
14307
4493
15977
22124
21382
3576
10646
5785
958
14557
15467
1387
12479
19831
8946
20848
10300
441
5205
16862
17514
10237
19503
10022
15829
27453
27955
4521
26288
7727
14909
31455
19173
3182
1430
12365
32020
12773
6082
23992
26870
2083
8149
18287
16934
23859
8592
25234
31688
6552
14161
3269
15757
22283
11350
20822
24859
19428
22732
5821
14504
13004
27084
20854
3455
6662
30451
14827
25612
16648
2281
4947
9207
14109
26722
2599
4675
21398
13908
13441
30108
16173
6021
8443
19096
14923
11036
12087
15467
4803
19520
776
31176
20598
2283
22767
10346
13828
18958
30919
24271
19505
595
8
32420
17004
11462
23452
28195
9522
2766
28016
12720
5456
6404
14880
1315
8507
12450
14659
16016
22754
25939
2454
21965
4865
3642
26508
3558
29647
1088
7839
26197
16855
239
19627
28750
31035
28802
28632
22655
971
4570
31854
31841
11486
15106
2267
27756
1141
998
31321
21408
4551
13306
31589
2534
18932
10821
13526
11184
8662
17856
7224
7197
5336
20997
9112
16072
12384
30920
74
32202
20147
15191
21914
25946
23658
13472
32250
17408
28651
10105
24345
21959
1430
20436
28377
18222
9215
16890
4014
22897
5175
1765
3483
22577
27973
24328
1805
26148
22490
6040
25096
30173
2363
5620
18226
14902
10535
19273
15468
26472
20252
12588
22185
23947
19274
20826
20718
6987
19183
6049
25828
11476
3915
4396
31058
30927
25973
21440
18403
30574
18717
8469
24869
11324
32395
27644
20152
9610
2517
6071
29089
4430
6905
27576
5400
22249
16460
17392
21918
31500
21448
32259
3081
8956
14929
10198
14313
994
19263
10389
22328
9990
27627
11403
21777
21751
4379
25865
3564
29116
22394
417
23056
16085
32051
10219
12184
738
20017
21539
21752
24146
23660
5472
20995
12520
12675
29577
12558
4754
14427
23329
20856
13754
15585
15946
910
30034
17799
10455
19062
6741
11249
23032
6229
32250
12521
9511
16166
23135
8443
18265
4635
13761
28960
25343
16379
4067
26972
11527
9468
4569
8727
5146
12248
10139
6070
17876
21149
12059
11945
30059
22563
15613
5604
14206
16857
859
16502
4400
19916
27709
5579
14089
13996
24201
20979
3512
5506
27506
402
567
23035
31745
5987
17593
10807
29658
29604
31014
3441
26140
8858
8206
31917
16423
7338
29116
23777
12976
22384
32474
6286
5202
2734
4586
1847
14946
29181
31109
3871
20132
31435
1809
29341
13728
4714
20489
30872
15636
32359
8643
27972
6997
32586
16434
908
27523
30867
24240
24651
22249
28826
4960
6616
20055
5176
32030
17642
14781
14713
8780
17153
25178
29684
11457
17956
30097
32613
17919
19132
23909
29158
9265
31900
19853
154
32488
5199
26519
1675
692
4323
14739
27255
11427
26090
28280
30184
17178
15480
21215
11627
16216
11309
6884
473
18105
14122
3695
9093
26484
20954
21775
25841
1704
32105
538
23756
25931
9685
10994
27839
28827
18859
5093
5035
20289
11910
15381
4199
28838
3122
2436
14105
23430
5850
8279
12410
5133
27197
26295
23188
17648
25235
32578
12222
28554
22885
3855
999
16289
30745
18304
3534
22247
16830
7552
9599
7585
20863
21349
29511
20145
8564
20414
7728
20992
29646
25813
26856
24568
28517
27146
12518
13667
23363
3467
3293
30007
18808
18786
22511
8338
11907
6648
20676
25624
21683
13692
23044
18968
28151
2421
29385
25640
23506
11220
31856
31100
14654
7591
19363
15843
24668
6467
31982
19168
8559
2065
9098
6048
3794
29050
702
27267
21375
13384
26650
31311
25330
32401
27516
1396
28781
32079
22016
2045
26287
28853
25262
7665
10741
32679
16893
19622
6485
402
2059
3977
27399
2222
23247
14854
21552
7118
25305
2719
12986
24713
20899
4887
19478
18002
10054
17084
16111
20909
11204
17113
13561
9614
32279
8354
19655
1473
21287
11345
25274
6216
8821
2996
22264
4549
31100
16212
10608
29270
25658
10281
12269
25298
22548
32338
10563
1729
20940
7545
29888
26242
24930
28994
5732
2077
725
10
4359
28601
14559
11213
2336
11750
20319
32713
20099
31785
19235
23911
11279
6979
20373
15637
6749
20151
18147
19575
1992
28553
2949
20744
25689
31233
22242
3583
31244
3066
12112
2429
19937
27576
1724
2778
29492
25596
14763
5943
8847
15033
12453
14767
31238
15647
17975
14389
7056
2123
24739
31174
18998
5391
103
25459
5028
32184
10040
11944
12016
2765
11561
30268
17335
6651
3544
20274
28739
13753
25885
19417
6590
1217
11085
17161
1637
17915
28327
6323
31346
14263
11112
15147
25329
6612
17409
4162
15719
14364
11634
9924
27694
16818
32375
21250
11037
31230
32069
18031
2495
29535
30832
7437
8113
3136
17441
18058
29303
17068
11184
6079
31437
9007
20080
6447
23651
17655
10577
28283
19206
4468
15069
26011
10566
10161
23293
8116
29177
32395
14088
25906
16619
24515
5723
4688
14774
25544
19403
5495
17241
6283
11944
8397
2825
24960
12135
6006
22572
10113
27445
156
29587
18862
20564
9178
7362
32592
14876
4330
30321
28496
1605
7520
2369
28793
108
11736
7758
29710
10828
23881
20941
23859
22561
20756
25852
28594
8637
26432
36
14456
20369
11714
3828
6641
12325
10502
16315
5452
10928
31346
24771
3276
12790
31527
11120
12581
25564
31506
19942
12991
9846
30507
10430
19014
7831
26288
9800
13496
214
30698
12752
14838
17855
28933
25692
14382
26623
7331
3097
20510
19056
788
9381
15442
4980
3905
29626
7944
20316
11081
18176
15002
26336
2549
9296
488
15737
25067
9158
12690
29954
18554
18205
15808
839
2733
27175
1917
31774
4898
11540
6230
10469
15105
13837
2130
14893
15375
31089
23132
15662
4176
79
9740
22267
29240
21241
21143
5867
1856
22398
29335
13387
17310
9991
17853
5165
32551
22717
18904
29128
5770
18937
2571
16792
28946
28908
5309
2682
26066
15452
17557
28980
3096
28795
30539
29333
28688
8147
18231
28303
1550
5674
11751
5303
29900
28121
8961
6633
28365
23773
18017
27514
32269
27403
3172
4721
21112
20372
6195
12426
16181
14152
23134
20986
27189
10739
32024
6410
18257
10689
15015
3673
26101
13028
12034
6039
20563
3996
16504
32410
14027
18681
28015
10917
19247
1495
19737
7183
6406
23046
23175
23407
24184
5095
3185
26703
4623
10791
17901
19646
26024
151
13276
9521
6192
2965
18378
5580
5398
15000
15643
20706
11828
16199
15797
6213
23674
17742
29846
1001
7389
940
32451
7110
25983
27070
20508
18129
21912
18672
26423
15170
23873
27955
7992
29594
27612
12033
29457
24897
24638
3927
9686
5772
10597
14660
6102
22426
18346
22328
7297
22818
16125
27466
19916
2037
26898
958
9053
13369
7894
27253
11624
31817
31611
17032
31261
25556
25985
26880
4396
19941
29892
1885
20635
20796
8889
7672
4975
30770
11247
18254
21735
3218
20541
18626
6934
7638
13976
17226
9746
18523
25188
31255
1283
5910
4120
2245
8237
30733
11870
31389
25834
11861
16093
5710
22662
14160
21847
11911
9239
25426
2996
17299
18587
14092
924
31130
27637
32744
16150
6422
3853
2880
2815
27305
24140
20375
7685
15074
25033
27322
26840
21183
4707
14232
24568
11208
17422
132
15436
10609
10115
26503
27665
17151
1868
1367
3772
15124
3473
4520
17057
17470
14464
27802
20592
21666
22042
21032
23038
3899
929
11137
7287
20986
29397
32755
16211
20706
7073
25682
18330
26744
7140
1249
23057
28793
2298
26948
28239
7781
22787
28154
14652
29874
18321
27703
9181
6811
17649
2852
20215
20005
29770
3529
28504
3350
4057
1515
31045
802
14579
14919
7474
7269
14445
27230
12765
10400
12818
11662
15858
27689
21839
14187
25186
30731
6492
25043
17746
27002
20535
24477
5940
24131
24927
8938
13630
24442
21100
6653
18898
25032
30360
29701
27285
24614
26019
8166
18146
3368
17376
12879
22771
13353
21567
31740
26968
31883
1177
22275
27918
7178
26998
10929
21263
26197
13538
27167
11644
5086
21903
2615
14607
30605
22584
24781
4579
11789
15588
11138
21295
7682
1960
15395
7904
5985
25978
12275
23891
24318
3321
18362
1010
6795
4740
1538
1349
23343
28124
25631
17402
14327
15183
9397
30007
1891
21657
4612
16443
20997
20718
11948
1717
20118
30027
6542
21823
5414
29717
8307
16122
3882
4978
4152
10948
13773
9158
1942
29568
20839
20029
4652
268
11451
8234
12698
3965
26556
18783
25249
10918
25458
20571
27919
26480
24656
14972
1106
15075
30749
17958
24593
1331
15068
19552
9181
28798
22609
14394
31634
2486
28322
11535
13015
15772
20791
20280
22385
7908
1094
30414
20708
3334
26512
1213
11203
6784
15281
25488
30596
32405
19027
7502
506
10646
4769
28722
24116
9837
7161
28329
7026
20022
8647
2002
18947
7575
7533
18343
16299
30246
6947
32206
24412
792
1918
26501
23277
2149
14638
29272
23993
7101
6157
28182
22894
11698
29276
25088
23171
25712
1444
20265
7798
25899
67
3369
637
20851
25663
16364
4695
4481
5195
22828
24267
30162
3779
8577
32408
4096
1787
19374
30173
31897
7108
28243
31435
2003
2455
4763
31655
10871
1224
31091
27903
14852
20057
12259
20787
1618
3116
4916
11007
25768
18243
25375
9134
30664
935
22951
23170
32352
27613
25973
16512
30522
7247
4924
19766
7838
11017
30285
15856
18229
30060
31845
11639
18024
26752
16116
1147
7748
31583
2028
3942
21117
6099
12677
1360
20665
2489
24537
15321
11742
10002
6237
666
19769
24752
16195
18523
15751
29143
25747
22613
13843
8070
6478
14149
31840
32707
14613
30053
9511
1929
16950
19130
1769
3311
3921
8158
9093
1284
19093
2910
15443
2579
29599
13013
12469
6124
31205
8153
28362
10781
28432
29989
21816
18999
18098
27266
25437
23794
4311
31229
15476
25962
29511
10503
27366
4249
12020
6252
22813
1682
17787
7955
7257
9857
28989
20085
29666
3562
31533
23342
4760
9670
20296
1123
25222
14681
330
14595
23608
26668
10225
8226
6433
24302
17598
11051
6358
28567
11467
20869
22353
6524
31225
18432
26532
10953
1857
14454
16058
16139
30924
3537
11671
32190
24256
7430
32107
4031
21040
11845
19320
16116
26303
26224
10848
31130
32453
9140
24930
21151
15935
4634
19130
29906
30251
5058
13223
3260
9606
3213
27152
13635
10784
205
9689
20947
30090
19515
14825
30183
10580
17409
30963
3982
17201
13143
30812
17719
31890
17089
4533
25294
12901
7778
10175
23640
2063
30679
8696
4639
17930
12477
10564
14428
12789
26405
8737
14236
20307
17505
18210
26915
470
760
20702
9069
14916
24981
27030
22154
27338
24292
21004
28687
18734
27953
18332
13022
4417
18959
8945
29593
16778
22443
3530
17813
17456
13369
30895
7046
4130
9198
17185
15046
8513
7116
25866
1356
14992
20841
19564
12409
17804
91
17923
1596
25126
8271
12776
26815
15986
13904
11824
15922
23879
23901
2982
22345
23874
8289
8074
8776
11816
12447
2814
5739
19417
479
29041
17376
8750
26378
13310
30553
28945
11834
16634
20811
10759
11851
14815
22967
31473
109
448
23276
21393
13331
25553
14469
4527
23538
26905
23961
20419
1949
20744
23806
10953
25562
5202
29792
23402
494
17309
29279
8553
25030
1612
25671
32351
32397
21373
11873
31011
23782
24962
6186
28804
28541
3434
16521
28856
20995
17441
23871
23736
11073
15766
15926
17864
23897
26118
5471
9012
4829
31867
543
9873
1905
7653
2595
27284
31440
31376
7774
11175
16388
16215
17951
14930
16393
28298
14172
24263
27605
28164
23417
16359
14155
3479
17694
5096
19275
7624
10086
3974
9740
21659
9153
20290
3377
1752
11217
7695
21782
5091
7890
25837
1555
19684
3016
1397
23499
30672
30772
8724
23894
15997
30108
19547
31391
16793
16423
19882
13165
12515
31915
10771
9333
4719
14157
15422
31768
4685
3633
13291
28551
30367
8220
28694
18792
24737
22046
12546
22238
25878
4133
332
11477
28064
12779
17137
24035
26855
31001
16970
7507
16950
20152
7604
6168
27540
10696
27193
16777
28134
2785
7290
10961
25478
26019
4927
7586
26462
25530
17787
7877
7667
19556
14910
21355
11199
26448
19250
6758
32723
23280
23488
13789
8513
6412
32153
13631
12459
8372
32506
10987
13678
22699
22425
3359
251
29966
18304
5671
17047
15124
8019
25454
12467
18526
8961
3898
17737
7116
28861
267
21656
9621
23595
5410
28945
3476
22646
14997
30164
15643
18751
16936
24883
24034
12196
12374
28616
8068
2449
4157
6843
31454
30710
7050
7688
6277
23277
32038
13399
6591
18018
25343
16226
19531
23814
17618
7435
13788
5921
28666
27323
9757
7685
14875
18321
23871
14678
22489
405
28858
8909
17325
9021
750
28985
21747
14619
8819
8756
1322
2474
4186
5855
2456
15846
16486
18723
2014
582
12836
17478
14080
27774
10570
15570
6325
4863
13246
6042
2630
5445
31574
20531
22370
25372
9064
6616
19210
24280
8452
9378
32212
32063
8387
21765
15948
3041
23275
2328
29087
2627
12804
7265
9582
17180
30414
23866
32427
2904
10270
12138
22590
26896
32664
15367
23984
13394
27577
11589
2635
17222
4404
30823
3387
32187
875
18160
7110
16752
12665
4046
11766
25477
18737
17350
2792
26641
14802
27971
18011
29719
434
21441
8544
2363
1279
527
10600
24600
14325
4912
15848
15564
30602
4272
6263
14000
29004
14095
8786
11477
20938
15762
8962
22313
11439
31002
11016
9636
19246
7805
7974
22444
20884
23126
11301
8599
9889
6002
20815
1838
16785
4176
27701
4032
7024
17567
6762
14684
9039
10320
9189
7110
26964
31397
26745
29164
16494
2907
24642
3948
1223
1751
4566
21979
9342
19843
12770
28280
29435
18527
28196
27777
6791
11567
717
19791
4857
6028
32388
30683
22598
29236
19168
15390
23054
19038
25870
29620
2734
3336
2383
12825
29112
25383
4261
11992
27903
27650
4487
20097
913
10851
15474
31413
24854
24668
11154
27167
8920
3027
12592
24798
30308
12074
929
17501
10899
32326
9835
20271
31684
1443
7989
17173
31576
13770
17536
14522
20007
17340
19020
12922
29239
22833
12633
25351
23330
12028
11165
15625
584
10375
17617
3639
21677
7272
27946
28794
22996
31922
8393
31860
8966
20225
10617
23765
6994
1300
31649
8665
2941
10909
13060
21421
1081
13530
19013
26396
19066
3221
2435
22711
28911
26971
17383
23378
30045
17088
18453
26109
14660
3993
5921
31880
21627
26557
13563
22652
6963
14180
563
21849
12708
2595
5115
22261
20864
5390
22167
17079
30897
12593
4413
7440
25279
31129
6558
25458
17557
9274
14600
20100
14479
8629
22472
9109
26715
3572
29203
10403
24702
1897
23089
23354
14222
16767
30866
15336
29223
26798
189
186
5175
8847
21426
15911
30662
21052
27262
32182
7024
20770
8024
23402
9000
3621
9818
27895
17107
1624
2135
7028
17474
22179
19407
29811
17119
12465
9744
30004
6930
13856
28432
25240
32131
1181
23849
19043
10126
19693
19451
13811
25033
15870
28431
10984
21737
5917
29765
16962
4879
11263
27037
21462
8230
7220
32509
4609
25073
6384
11302
21373
6521
28976
32712
6297
28485
13755
3176
28739
8765
25381
11006
27263
10246
7831
21203
5499
8832
29220
7473
28390
21370
501
26012
22718
11787
27022
27618
19619
19287
22483
15534
21189
3464
26348
6792
18834
444
30316
17730
20017
32046
29443
21055
2510
5685
20235
27756
5017
11655
22475
19946
14695
6329
2963
26096
26943
4852
14096
27498
4473
4487
11355
5497
8419
214
32409
28762
3143
6551
31890
15099
8964
17007
26544
14118
31728
19928
12907
30043
3729
25623
11689
8477
270
17189
12685
506
17073
24431
28086
13945
16800
25351
29383
30210
4507
17604
12784
6270
28989
22155
13608
27645
8811
4717
4781
30971
1889
31335
24293
10151
22944
11001
23508
8167
32525
13978
10509
29686
31258
14715
14739
29927
31866
6674
32683
11657
2587
22194
13690
20427
32599
14312
17324
22064
26015
16423
19293
21433
764
27216
5264
32521
7329
3814
5396
25690
12754
18668
5606
18444
9363
3886
8487
29945
6534
11033
21956
7276
22194
23096
29599
18863
29131
9827
7224
6628
17811
15197
14769
11322
30980
21158
31431
32198
13130
7848
4019
17748
2478
29055
20935
19434
26459
9040
18144
3399
15353
28261
2893
19795
2626
20620
12588
14031
20263
28592
10265
27221
20475
27817
11790
7808
23733
1784
26543
7720
24843
1095
12004
1248
5797
8323
2502
6877
3079
2138
17882
19165
3923
4754
15918
19798
15776
15409
16944
24062
19406
16872
21358
18293
21179
20051
13329
24238
2278
6253
3794
1809
1814
12899
30756
4611
1332
29758
11281
28319
9034
21721
28161
25398
26364
10519
14106
5347
22608
32487
32064
2376
17295
26621
29349
14656
31417
7886
24626
3341
15411
19601
10226
28396
25392
28044
27151
434
18120
32044
24209
32063
6984
687
18677
26802
30826
4762
16600
370
31461
16937
4999
26127
23487
19147
16416
3239
14914
8312
733
4159
30509
4438
14441
32463
15156
17247
30818
30636
6617
23819
24186
32663
4796
28699
3702
24307
7239
26271
12895
316
723
32666
13439
6660
32558
6198
28708
22094
558
1557
25159
13161
5738
25
25716
25881
22956
2371
6754
4179
18902
29020
18278
32704
31658
28957
6276
31149
13788
32762
29655
1286
14239
14775
2890
10190
15925
7495
32729
29355
21263
27255
17455
23706
3989
31167
24605
10716
15669
24539
1186
7744
26540
13621
7339
2719
25623
13443
27710
19433
7629
32186
15641
8492
16429
18521
25896
9286
2039
28466
11817
24958
5140
12478
27500
2107
26548
19722
22355
9180
13079
2663
20023
182
3540
24936
24650
12595
266
20756
28149
1855
7223
30666
32678
21581
8
31089
18832
8092
13246
24017
14893
27157
6205
15769
7896
1725
21112
21890
24944
26448
7993
28874
23771
3196
983
2725
13911
4732
32200
26545
2967
18072
3014
30500
30566
20367
8741
7256
16756
4647
22337
1047
24458
22065
4382
11331
31112
13376
21158
5328
21290
19104
18233
24352
9532
25074
19028
18103
8567
867
29733
11241
20739
30685
25247
8545
22281
1733
28149
27677
21332
3975
30051
6250
23253
25964
6643
6000
5958
31545
19054
31567
27470
17246
27556
21061
4804
7817
13306
20217
22669
1238
25670
16825
22642
10029
22392
7138
30691
22306
23554
8999
18451
29132
1213
7818
21140
31617
22242
11162
9494
16307
28081
30942
16688
4951
17747
10861
28809
13698
24988
22946
32098
13450
19984
30422
15002
18358
30710
13177
13412
2999
30956
23642
29686
96
8855
26409
14388
22730
17860
20901
2801
16788
21591
9545
23859
10840
31519
11761
6083
6636
23427
30179
9405
24182
2885
30191
10362
25130
8891
4614
9124
25991
4142
16727
6855
944
12742
11136
21129
13591
24103
17602
11080
28897
13673
30323
27631
11463
17419
4873
4031
17238
23213
246
12437
4152
12689
1171
26778
15042
8546
16155
28050
30079
23383
5749
22819
4818
1699
13656
11923
10356
24671
551
15937
14531
28440
6294
8270
31976
17975
22187
20375
8015
401
24223
1109
18221
28995
25696
16087
11889
5281
28373
17423
19183
29072
7233
19411
31320
14627
9168
6598
8340
23317
9728
15420
7525
24390
32249
24575
27905
16249
2498
3773
162
9855
27456
14214
22725
21416
11283
30185
30403
4562
23760
28162
12021
16655
12945
13946
7431
13533
2684
20271
11569
19410
25820
15957
18613
32461
17313
29913
12387
17625
1276
10502
13062
11353
31745
2044
17629
5400
17540
6732
3468
30643
9480
4128
4956
25562
1072
20468
14617
29929
27677
25388
21447
10697
21623
16024
2288
10074
25766
20089
7
14216
18747
7117
11580
14537
29841
23476
25
29210
28202
2210
23651
20544
7455
16800
24200
9570
8325
26163
13512
8631
31491
25628
20816
21109
30124
2929
3589
30052
29570
23062
16237
5784
25347
18958
26991
3536
24383
10903
4497
13451
32230
28108
20053
3409
18769
23045
25878
28893
11406
10068
4264
4414
28361
20454
7607
28767
30413
7413
5990
7509
20126
22554
11888
22067
14120
6817
16685
27295
22421
25293
3495
22753
7160
11531
7413
31169
25000
24297
10276
23420
7641
9392
7974
25229
13133
2974
6639
5903
20856
5957
15197
18797
4800
23822
24445
2249
24137
7746
26538
15490
29280
31973
10513
31118
17959
13843
7124
31286
123
372
20309
23118
12109
31402
4405
14260
27677
30375
21951
19109
950
6996
5541
6032
21904
29173
31882
13066
21702
9
22191
3671
32451
18301
23180
5753
24302
30055
12802
14933
13960
30153
30227
24028
528
24181
15265
8932
13969
23117
22205
7491
2960
380
795
20354
21087
28475
4946
24685
9321
21636
11340
16655
21091
23706
978
14235
14195
28088
23766
23924
20916
223
16762
8247
4672
3144
19231
15221
3248
27963
19554
19338
13459
13028
12487
15730
870
3214
12144
21987
16674
14588
16135
27
27920
10975
2855
8964
19947
5042
31361
10136
27855
6517
12368
21480
8973
15734
28738
5105
6691
27050
1966
19436
26724
4332
1731
32526
2796
3912
23498
14838
17465
22362
24666
12236
30826
31714
16142
12904
22689
13811
19534
30131
13851
16398
17547
1270
4281
20366
32639
23722
12782
26533
28221
29182
20128
25539
10123
4018
25005
11605
1549
13664
18748
27604
16799
15925
3073
29253
32548
4740
10692
637
17470
14989
27630
27568
19684
5953
13546
29796
13020
6209
25783
15864
27752
7250
22924
26993
28468
23473
17254
21116
16664
32005
16001
5271
20359
15776
12837
30474
16440
13569
26016
1744
19879
9027
29831
18601
14643
9321
31014
9450
23858
3376
13862
23278
23426
15706
22573
20985
8210
4482
30036
23262
6006
22595
507
2833
27021
10460
2064
26690
22906
22349
5973
19191
11803
28876
31017
26446
12216
26365
18475
4171
10063
12878
965
24555
17617
31061
20473
28619
27270
26637
9129
9245
21045
11777
21807
4355
18688
13816
17145
18954
27382
15872
20098
21308
173
24284
18646
19851
22972
20006
7358
32709
15716
25248
28284
9013
24581
20262
15455
5194
6307
26647
10302
31344
10839
6563
13656
7594
31398
4426
85
12301
13513
24733
31315
23890
11788
1098
30432
30367
21869
19000
13106
1056
20011
27154
15965
10738
20954
7715
3206
7688
906
17034
2249
17145
28134
7562
12349
32599
1754
21278
23040
17418
677
1090
2209
24038
13197
32385
14081
15781
2204
10051
32164
2934
2260
7265
7606
9461
16396
24457
2738
14615
30433
2474
2267
28882
28846
13259
26407
3270
872
2395
7101
7420
22402
1798
6845
25299
4575
13168
6338
18968
32144
32300
30016
16592
12139
10420
13428
6353
13532
15249
10969
9076
1713
14764
10492
15967
12647
30018
22148
27898
31291
8221
26174
26146
20468
5328
20142
26865
15303
27039
20471
23065
294
31260
23945
11176
11537
14266
7602
6281
15604
10574
20163
19523
22629
21587
32236
4150
21549
18251
8737
8492
18608
7924
5528
14207
32291
11958
3235
2463
4536
15280
14955
17866
17129
11832
30990
4676
5094
16146
16182
31589
15937
8805
9398
9937
29105
31039
9330
13305
31686
31206
32550
1813
2075
8347
2048
8296
30610
31223
9803
3652
9135
6915
22492
10393
19583
9175
24950
5361
15091
2257
20695
12594
13086
31673
3246
31329
30175
6408
20702
5459
30452
28241
28365
14564
25060
17738
30842
3252
27345
22211
8342
23894
16311
1724
6981
26358
4993
23796
7746
362
17040
31875
3891
18674
2509
25654
31495
27926
9863
17732
2942
24676
11372
17938
12192
11738
10137
5260
1306
23900
12745
2773
5019
1405
11841
17499
7317
26884
26273
17987
17652
25198
4584
7835
16091
1610
31153
12013
19084
9117
30418
22576
5852
18216
1678
18183
8191
6646
25931
13371
10576
14146
14222
20885
29907
15305
32058
30428
20135
11601
322
1739
2720
32602
22446
20384
30205
11866
2643
19935
27753
27390
16175
8694
4008
15082
20002
3446
14209
26305
28054
31540
29768
689
12260
10671
12701
14627
11148
2218
26032
28395
28123
16135
18194
20203
6236
12557
20910
31081
20368
3786
29136
5746
4082
29061
26626
28710
19284
28404
19479
29500
22020
10826
20044
23738
5180
23612
20793
28457
209
6130
3717
17868
21484
8033
11461
16423
13424
4873
15870
23101
23491
22071
16827
30789
3534
15325
5806
22518
28417
10190
23242
28517
21727
23772
31634
16987
21907
1801
25195
26371
22337
24796
2901
1855
7968
1741
1006
1220
22579
825
7842
11434
24913
518
17303
24030
4708
29925
17925
27253
10920
1025
19126
32238
1334
31323
23022
509
4745
26583
19089
25526
15100
25191
18761
24144
16972
26713
8214
4652
2680
19461
15563
14767
10802
11158
2453
5638
26056
16328
27797
15808
28447
30727
10389
12903
9540
11388
31315
15355
29940
7995
16744
31649
30298
32180
15107
23827
31648
8619
27189
20708
3742
2808
6721
1778
27515
27211
20507
245
24559
22186
12477
13333
12804
4907
30605
16023
3239
15281
28798
18364
27237
30123
4028
29579
15817
18795
28703
28917
25493
26419
9938
13175
19231
18828
29984
30508
19450
29353
20768
32310
8375
13939
20078
9430
30246
17585
22821
9050
21831
12275
3658
10133
2933
12413
22721
30553
22462
31271
1621
16421
14412
27999
3840
10551
21891
1056
22861
11306
588
12757
7085
2981
26561
3292
22610
29249
5250
24856
23414
11845
12750
16177
6368
6026
27343
7067
23177
25063
6124
26656
5343
22739
8246
5740
7737
7714
18229
28573
6035
19658
27458
9804
24494
7316
16383
23723
25486
6283
17987
13700
29596
573
29465
2644
3508
1318
24254
9964
19509
17851
68
27315
27337
8548
13259
16683
19054
24235
14288
9220
31161
29260
17741
10717
706
29207
22652
15741
23205
28710
11255
30960
20127
13082
28209
19467
27294
6081
3434
7365
23544
639
26387
28593
14532
24610
21398
8052
4568
30740
19456
1382
32163
15076
20192
21012
15095
11553
27262
32602
22061
10334
16836
12679
30468
5557
9176
17655
17990
7405
28481
11000
5321
8094
7903
8273
4327
13606
25722
24827
4758
5459
30233
25941
2945
22103
27757
32378
28155
23151
2424
10469
16738
6109
16885
19568
21750
16378
10915
5484
18555
2014
26934
27604
10179
27459
4665
27511
19892
23372
28493
4154
16267
11807
24153
3527
7547
23024
9873
22898
22151
15100
29879
31188
14631
6019
8767
19846
2311
1637
14840
23803
15897
24298
18222
605
13018
6062
14349
18463
30707
22197
5369
27376
9760
24243
14160
22504
16215
29439
9707
18804
23603
4672
11807
2126
18609
24878
8632
8422
26356
4579
23248
7923
18472
14123
30751
8227
21578
10194
17778
17853
5404
27842
14045
31330
16172
22412
16960
4525
31959
29050
2397
9729
6668
2812
13262
9036
24180
9325
32406
11883
27101
10525
11561
19138
6017
6514
2240
3897
23109
27017
3206
5454
10928
6471
7405
3951
23726
15472
15243
10588
28784
11346
19220
26981
29411
12531
12410
736
11520
14352
7663
5857
9074
10491
28826
31979
17017
6800
19594
30616
4270
27916
11097
15743
16804
26290
4885
19644
17858
15369
23136
12815
446
22970
15971
16373
19320
16924
13428
15344
32646
7614
4907
18466
17773
25813
20916
30800
25697
3782
29311
21805
608
18427
18279
20453
16887
10875
1202
15094
1033
24815
26142
15365
19825
4951
15585
28263
12882
12234
4361
17406
17517
20234
5867
8892
22473
14368
12852
2063
29101
10092
5533
27816
28254
23704
3799
12199
4355
29666
29382
6849
3190
30711
1059
11736
14892
9435
8864
12303
7327
5659
15392
21294
26705
950
9548
31788
14976
7775
30287
20213
16144
12000
32752
28559
31382
6004
21748
22934
3894
8473
27970
32363
14466
16590
29676
10189
1667
28155
3228
13342
10592
30146
29460
17173
30175
31484
13726
9705
20837
18812
20406
14263
18852
13245
22846
23640
32089
17505
10921
8335
6550
8819
10530
615
11571
2273
28260
27348
30744
29138
30930
8746
2789
23402
4969
19646
22780
25838
15945
14715
20247
26832
11546
5698
23154
23699
13406
31980
32355
2884
2801
13853
11156
4718
30671
11225
6323
32123
8449
10959
2931
4038
2820
5589
14576
3487
13999
4370
5678
10882
11006
2743
22921
8577
9632
16218
7075
29282
6430
23531
10171
27053
24372
12118
7647
6694
17392
14223
5570
23490
6136
13535
13203
28898
31961
4854
18677
19924
7498
18553
31742
23815
22731
27110
22273
24478
6160
14487
8956
14393
8706
15272
32535
18729
15512
10194
26173
14232
29660
24961
18486
19172
16353
10501
9353
10160
30009
32161
23716
490
8851
26924
15723
9040
27828
11968
12856
28422
32029
5238
20512
19582
21441
7734
26454
19432
1888
12364
16272
30058
31916
30962
21283
7138
10908
27313
9277
3498
5460
14730
1543
6415
15075
8856
17678
31124
18288
32352
25557
8329
26740
30584
859
24723
14632
25584
13662
16098
31055
12952
2234
26451
24683
30920
6940
25410
6283
11870
32072
6719
9652
10980
15276
32731
24870
5319
299
9956
13942
26760
7196
21867
27914
4899
29228
11514
13715
18369
12407
22285
3987
25190
717
15563
20193
8999
22358
24108
30425
10311
26910
19304
11681
5431
22649
19963
4182
24029
14265
26956
31986
25697
5535
22682
23482
31945
31487
23133
2623
6487
31596
25993
30485
6671
24363
951
25305
1521
3763
2534
24303
4133
1803
27886
281
6788
15593
22393
21871
29953
31525
20564
9345
32352
21276
16183
16266
22502
17784
21915
4284
16124
30213
21718
4835
25486
25023
22773
10426
21571
23434
8836
27337
18506
29013
29759
16628
18306
13182
32007
19302
9604
23982
10788
14413
14574
3007
11213
14318
30657
8400
19370
1031
31527
18301
31725
24628
32761
7284
4244
24180
28132
10972
23597
27236
17640
21385
18653
4790
21661
8405
1076
23487
24018
2008
26934
16855
5483
4985
24228
31665
12146
30549
20075
25445
23366
20897
14375
28085
6863
31626
32017
26695
718
11818
11571
28250
24307
13293
28926
6972
29644
17219
24492
30977
15852
15222
18011
27071
561
25722
5137
25663
16528
10730
23729
22762
21879
28654
951
19292
375
6306
18558
15762
13404
1539
6189
7374
13026
29037
14652
27982
11022
16403
9071
16932
16241
2816
10183
3940
20110
12988
21454
29551
3930
23370
28796
20533
21728
12500
6545
27699
26388
17671
16056
32454
25051
749
5823
14212
22435
29705
26079
2771
3272
13902
15922
15793
11238
28023
14524
18926
15394
30463
21735
4748
16805
8696
32012
8362
31326
7894
2726
30374
2660
10182
12998
18041
13681
2427
31865
22488
9742
26185
20841
16409
15201
19591
19862
16710
27877
3867
7091
1445
3136
13510
19757
15960
8158
4935
13665
31247
32578
23464
3061
5535
31571
31060
359
7639
31168
13907
26588
3086
29031
10512
25202
7680
3896
2496
2626
1745
25760
18629
22807
28633
10891
7785
23808
10984
22085
17885
16684
14655
19047
8270
20238
6407
12356
21754
685
15376
18159
2445
27488
30333
9096
10585
29816
27206
32122
22399
24551
17987
21948
9503
1319
17895
13363
1751
1380
23211
5105
8310
11636
31196
16714
23196
20988
3032
11287
5336
25243
4890
1566
8132
31809
10142
29505
18938
18815
12420
14277
22900
23081
12932
22792
3947
17325
6613
28936
24595
30767
24962
7942
16983
16405
15803
11844
3086
24747
23560
28540
18567
5788
30312
3465
8533
25595
21440
17262
32260
12922
21015
17794
20777
25599
30547
25686
23395
21073
11163
19164
12879
15298
8677
18464
14586
14841
9285
3564
28936
15579
10924
6221
689
15982
10931
15979
27386
12817
26947
18119
7542
15957
22623
10514
29699
32452
4203
17263
15972
413
27503
13124
8413
3229
631
20663
9863
281
6035
9205
7411
2316
23248
3208
16533
4534
18778
12810
17425
16054
31865
1278
23115
30506
32685
10491
31274
29450
1276
13073
15058
18240
10233
21373
8543
30415
6247
6220
6757
22741
32659
1522
27537
29274
28385
29841
21085
26395
4541
10621
20030
19144
2525
27873
3657
17411
9361
8344
17678
4297
29296
3140
10733
28599
14532
26738
9343
469
15625
12236
24118
15252
28830
30833
20728
10649
3183
17498
24442
22054
21468
6033
13141
11580
21415
29022
26436
14941
7913
18514
27889
18099
1175
20502
13825
165
20106
16798
22707
16424
5277
14224
12231
13465
1164
27861
1046
11363
31434
21599
9638
8389
22783
13319
9619
24161
11785
25881
25721
23180
13419
21929
15450
11811
30605
18154
5829
17910
8567
28055
12519
28181
16014
28044
25581
15592
7405
6701
2367
2373
3667
21412
18311
24859
12256
7847
22112
9558
18385
20739
1105
21418
22260
7945
26768
9921
18421
8538
3157
7048
24185
17555
28202
29474
21553
27051
22229
8593
14302
20332
15057
24215
1095
17754
8088
19787
21254
8211
16180
28878
29198
1652
10954
20310
32098
18344
24428
4743
28780
11712
10989
5064
6052
3435
22585
3002
30427
10310
322
469
23196
7778
14730
11754
20837
13015
11226
24005
8118
24038
11264
10647
30186
23535
17533
18790
10230
4209
27963
18742
326
13392
27939
3513
1189
1188
4375
1274
16338
31385
14862
27039
16743
17664
25376
18253
29275
10859
15221
25526
9835
18384
16597
18576
28576
689
17000
13339
15898
7147
30943
28553
8946
21110
20133
15941
14438
15399
3009
11304
23464
28426
26362
12892
5807
18140
3289
26875
9139
6667
14581
18497
9488
20661
5640
24083
5285
21908
26683
31448
29489
9615
14169
5429
15283
24071
14035
24234
18327
778
25427
17341
11704
28251
30884
14063
28509
12389
21461
9696
3687
2401
22331
26033
22722
7215
15122
10408
2408
29007
25823
23988
21354
23925
8537
25792
5147
25290
8815
7442
26936
30309
28854
22196
17889
8827
15716
612
26047
25042
2857
4413
14696
29368
10282
20412
16103
13890
16532
9190
21751
14639
7262
20017
3420
3351
29913
26790
27250
19315
18696
4569
10267
1359
25682
16497
14828
12958
4860
31151
17677
24516
20268
18737
3864
1280
18073
28701
24761
11858
615
7643
5686
16387
7598
318
28587
10305
13670
20407
2897
21850
5884
31720
6977
18392
16434
31183
29427
6273
9323
21510
24210
15234
18014
13204
19431
12035
22679
2042
10042
21021
32538
30736
30111
31311
14502
10874
14005
12300
29910
9934
13144
23435
7493
6939
30465
31302
4584
10755
10218
4160
19653
32347
28529
31957
5270
27431
17256
0
